1 13604500	3614200
2 13606000.0 3613200.0
3 13606440.0 3612420.0
4 13606690.0 3614260.0
5 13606870.0 3613450.0
6 13606930.0 3611880.0
7 13607020.0 3615220.0
8 13607270.0 3612700.0
9 13607410.0 3616300.0
10 13607500.0 3614510.0
11 13607700.0 3611960.0
12 13607920.0 3617720.0
13 13608050.0 3613710.0
14 13608400.0 3613200.0
15 13608400.0 3618770.0
16 13608410.0 3615600.0
17 13608600.0 3612240.0
18 13608800.0 3616670.0
19 13608840.0 3614820.0
20 13608900.0 3617800.0
21 13608990.0 3620230.0
22 13609210.0 3614010.0
23 13609420.0 3619440.0
24 13609480.0 3612590.0
25 13609490.0 3621270.0
26 13609640.0 3615790.0
27 13609750.0 3613390.0
28 13609820.0 3618630.0
29 13610030.0 3620220.0
30 13610040.0 3622520.0
31 13610200.0 3615090.0
32 13610220.0 3617870.0
33 13610390.0 3614200.0
34 13610450.0 3621680.0
35 13610560.0 3619200.0
36 13610600.0 3617110.0
37 13610660.0 3613380.0
38 13610700.0 3616050.0
39 13610840.0 3620890.0
40 13611000.0 3622560.0
41 13611030.0 3618300.0
42 13611130.0 3614900.0
43 13611250.0 3620020.0
44 13611390.0 3621760.0
45 13611420.0 3617520.0
46 13611530.0 3615930.0
47 13611710.0 3619200.0
48 13611780.0 3616700.0
49 13611850.0 3620950.0
50 13612110.0 3618390.0
51 13612190.0 3622320.0
52 13612220.0 3620130.0
53 13612620.0 3619260.0
54 13612620.0 3621470.0
55 13612960.0 3620670.0
56 13613460.0 3621680.0