1 122.224777574316 30.8493516292013
2 122.228730161567 30.8433359221109
3 122.230975949777 30.8575262162198
4 122.232592917289 30.8512796606205
5 122.233131906459 30.8391709808586
6 122.233940390215 30.864929014506
7 122.236186178426 30.8454954501074
8 122.237443819824 30.8732564793411
9 122.23825230358 30.8594540833135
10 122.240048934148 30.8397880205991
11 122.242025227773 30.8842044523976
12 122.243193037643 30.8532847721865
13 122.246337141138 30.8493516292013
14 122.246337141138 30.892298980042
15 122.246426972666 30.8678591309244
16 122.248133771706 30.8419476284463
17 122.249930402275 30.8761092407146
18 122.250289728388 30.86184458468
19 122.250828717559 30.8848212023878
20 122.251637201315 30.9035530909721
21 122.25361349494 30.8555983103678
22 122.255499957037 30.8974637020396
23 122.256038946208 30.8446470699056
24 122.256128777736 30.911568911084
25 122.257476250662 30.8693241555472
26 122.258464397475 30.8508169366142
27 122.259093218174 30.8912197492154
28 122.260979680271 30.9034760125201
29 122.261069511799 30.9212024217838
30 122.262506816254 30.8639265856972
31 122.262686479311 30.885360855372
32 122.264213615294 30.85706352235
33 122.264752604465 30.9147288094971
34 122.265740751277 30.8956136843902
35 122.266100077391 30.8795016031528
36 122.266639066562 30.8507398157295
37 122.266998392675 30.8713288897977
38 122.268256034073 30.9086401315735
39 122.269693338528 30.9215106781087
40 122.269962833113 30.8886757998599
41 122.270861148398 30.8624614785838
42 122.271939126739 30.9019344304451
43 122.273196768137 30.9153453628737
44 122.273466262722 30.8826625600496
45 122.274454409535 30.8704036330463
46 122.276071377046 30.8956136843902
47 122.276700197745 30.8763405419688
48 122.277329018444 30.9091025764027
49 122.279664638183 30.8893696109311
50 122.280383290411 30.919661125259
51 122.280652784996 30.9027823036586
52 122.284246046133 30.8960761921537
53 122.284246046133 30.9131103379804
54 122.287300318099 30.906944481415
55 122.291791894521 30.9147288094971